(Generated, expanded, depth)

p1
	h0: (203, 80, 7), 0.185271
	h1: (138, 53, 7), 0.141592
	h2: (87, 34, 7), 0.179352
	h3: (51, 20, 7), 0.114534

p2
	h0: (313, 111, 10), 0.256296
	h1: (269, 94, 10), 0.234986
	h2: (180, 62, 10), 0.320596
	h3: (158, 56, 10), 0.338803

p3
	h0: (633, 220, 12), 0.597562
	h1: (532, 185, 12), 0.537266
	h2: (309, 107, 12), 0.735968
	h3: (333, 110, 12), 0.379361

	
p4
	h0: (863, 304, 13), 0.795577
	h1: (623, 221, 13), 0.57042
	h2: (418, 149, 13), 0.841402
	h3: (406, 150, 13), 0.761855


p5
	h0: (1598, 584, 10), 1.319855
	h1: (861, 309, 10), 0.767364
	h2: (383, 128, 10), 0.783312
	h3: (619, 205, 10), 1.172993


p6
	h0: (1895, 694, 12), 1.64778
	h1: (1216, 445, 12), 1.076171
	h2: (479, 170, 12), 0.818605
	h3: (573, 215, 12), 1.105871


p7
	h0: (4886, 1742, 50), 7.118789
	h1: (4737, 1689, 50), 7.447176
	h2: (3970, 1384, 50), 12.207306
	h3: (4132, 1476, 50), 12.923153


p8
	h0: (4136, 1724, 22), 3.683795
	h1: (3268, 1360, 22), 3.06083
	h2: (1767, 723, 22), 3.292911
	h3: (2219, 915, 22), 4.017485


p9
	h0: (4324, 1798, 41), 4.745656
	h1: (4004, 4664, 41), 4.686561
	h2: (3088, 1279, 41), 7.493443
	h3: (3402, 1410, 41), 8.31346
	h4: (2771, 1149, 41), 10.057076
	h5: (2277, 951, 41), 8.778647
	h6: (2958, 1223, 41), 11.387693
	h7: (2629, 1090, 41), 10.238983

p10
	h0: (25330, 10080, 51), 29.38158
	h1: (25196, 10029, 51), 30.893866
	h2: (23886, 9432, 51), 61.683235
	h3: (23078, 9215, 51), 59.55333
	h4: (18027, 7048, 51), 74.50415
	h5: (7231, 2787, 51), 33.120705
	h6: (22938, 9051, 51), 105.8687
	h7: (21246, 8349, 51), 92.76419

p11
	h0: (39076, 16398, 48), 38.91941
	h1: (35182, 14755, 48), 35.611134
	h2: (25248, 10343, 13), 53.840134
	h3: (24538, 10291, 48), 54.134106
	h4: (11441, 4575, 48), 37.847157
	h5: (13016, 5452, 50), 49.276367
	h6: (24127, 9863, 48), 91.823906
	h7: (16824, 6847, 48), 62.99325

p12
	h0: (66504, 21953, 38), 94.13473
	h1: (64103, 21146, 38), 92.80368
	h2: (43544, 14172, 38), 132.87445
	h3: (39855, 13168, 38), 125.21476
	h4: (22711, 7406, 38), 110.56542
	h5: (815, 257, 38), 4.017921
	h6: (34867, 11248, 38), 180.13663
	h7: (21101, 6772, 38), 104.1189

p13
	h0: (126884, 38283, 28), 149.07738
	h1: (101055, 30354, 28), 120.7009
	h2: (25882, 7665, 28), 61.8431
	h3: (16830, 5101, 28), 40.769924
	h4: (1321, 383, 30), 4.653491
	h5: (17930, 5362, 32), 78.6789
	h6: (), 
	h7: (6493, 1948, 30), 26.870958

p14
	h0: (109937, 41065, 53), 90.94157
	h1: (99400, 37212, 53), 87.27093
	h2: (63107, 23351, 53), 99.85612
	h3: (80306, 29641, 53), 130.29843
	h4: (40743, 14807, 53), 94.00252
	h6: (), 
	h5: (5306, 1969, 55), 13.491845
	h7: (), 

p15
	h0: (130653, 48695, 44), 116.208046
	h1: (126808, 47222, 44), 118.36877
	h2: (105219, 38370, 44), 206.26706
	h3: (106891, 39103, 44), 210.85014
	h4: (77904, 27968, 46), 238.03322
	h5: (35619, 13199, 48), 123.99746
	h6: (), 
	h7: (78543, 28312, 44), 266.35406

p16
	h0: 
	h1: (227916, 91277, 111), 522.9201
	h2: (241262, 95882, 111), 873.28076
	h3: (), 
	h4: (), 
	h5: (), 
	h6: (), 
	h7: (), 


p18
	h0: stack overflow
	h1: stack overflow
	h2: (3936, 1148, 25), 39.28805
	h3: (3646, 1085, 25), 34.94375
	h4: (1098, 323, 25), 15.313996
	h5: (117, 36, 27), 1.492569
	h6: (), 

p19
	h0: (4594, 1504, 21), 14.303631
	h1: (3173, 1037, 21), 8.532246
	h2: (579, 191, 21), 2.777198
	h3: (693, 234, 21), 3.426846
	h4: (204, 67, 23), 1.518702
	h5: (221, 72, 23), 1.873837
	h6: (), 


